4.4744
4.4668
4.4432
4.4536
4.4407
4.4687
4.4794
4.4404
4.4681
4.4702
4.4567
4.4695
4.4797
4.4647
4.4780
4.4657
4.4727
4.4663
4.4721
4.4658
4.4678
4.4543
4.4453
4.4509
4.4461
4.4667
4.4434
4.4574
4.4431
4.4397
4.4436
4.4423
4.4419
4.4513
4.4452
4.4556
4.4571
4.4497
4.4426
4.4717
4.4464
4.4685
4.4502
4.4512
4.4526
4.4658
4.4696
4.4673
4.4513
4.4733
4.4472
4.4579
4.4428
4.4413
4.4439
4.4444
4.4519
4.4398
4.4413
4.4372
4.4496
4.4534
4.4522
4.4588
4.4440
4.4448
4.4860
4.4740
4.4515
4.4458
4.4419
4.4588
4.4862
4.4492
4.4701
4.4767
4.4515
4.4422
4.4815
4.4557
4.4629
4.4603
4.4468
4.4921
4.4522
4.4623
4.4618
4.4694
4.4784
4.4673
